4294967279,121
4294967279,120
4294967279,119
4294967279,118
4294967279,117
4294967279,116
4294967279,115
4294967279,114
4294967279,113
4294967279,112
4294967294,12
4294967278,25
4294967278,24
4294967278,23
4294967278,22
4294967278,21
4294967278,20
4294967278,19
4294967278,18
4294967278,17
4294967278,16
4294967278,15
4294967278,14
4294967278,13
4294967278,12
4294967278,11
4294967278,10
4294967278,9
4294967278,7
4294967278,4
4294967279,132
4294967279,131
4294967279,130
4294967279,129
4294967279,128
4294967279,127
4294967279,126
4294967279,125
4294967279,124
4294967279,123
4294967279,122
4294967278,8
4294967278,537
4294967278,278
4294967279,276
4294967278,6
4294967278,327
4294967279,340
4294967278,5
4294967278,329
4294967278,534
4294967278,258
4294967279,355
4294967278,257
4294967279,338
4294967278,532
4294967279,337
4294967278,531
4294967279,336
4294967278,254
4294967278,525
4294967278,253
4294967278,250
4294967278,248
4294967278,238
4294967278,236
4294967278,234
4294967278,230
4294967278,226
4294967278,222
4294967278,218
4294967278,211
4294967278,567
4294967279,203
276,4
276,3
276,2
276,1
4294967278,562
4294967279,202
4294967294,428
4294967294,120
4294967279,200
4294967279,199
4294967278,326
4294967278,196
4294967279,197
4294967278,64
4294967278,62
4294967278,61
4294967278,60
4294967278,59
4294967278,57
4294967278,56
4294967278,55
4294967278,54
4294967278,52
4294967278,572
4294967278,51
4294967278,303
4294967278,50
4294967278,49
4294967278,48
4294967278,47
4294967278,570
4294967278,46
4294967278,569
4294967278,45
4294967278,536
4294967278,44
4294967278,302
4294967278,43
4294967278,555
4294967278,42
4294967278,301
4294967278,41
4294967278,300
4294967278,40
4294967278,554
4294967278,39
4294967278,541
4294967278,38
4294967278,552
4294967278,37
4294967278,553
4294967278,36
4294967278,299
4294967278,35
4294967278,551
4294967278,34
4294967278,540
4294967278,33
4294967278,550
4294967278,32
4294967278,31
4294967278,30
4294967278,29
4294967278,296
4294967278,28
4294967278,295
4294967278,27
4294967278,26
4294967279,91
4294967279,90
4294967279,86
4294967279,85
4294967279,84
4294967279,83
4294967279,82
4294967279,80
4294967279,79
4294967279,78
4294967279,75
4294967279,74
4294967279,73
4294967279,70
4294967279,69
4294967279,66
4294967279,65
4294967279,64
4294967279,62
4294967279,61
4294967279,59
4294967279,55
4294967279,53
4294967279,51
4294967279,50
4294967279,49
4294967279,48
4294967278,559
4294967279,365
4294967278,192
4294967278,191
4294967279,77
4294967279,379
4294967278,573
275,4
4294967278,186
275,3
275,2
275,1
4294967279,187
4294967294,1416
4294967278,185
4294967279,72
4294967279,384
4294967278,183
4294967279,184
4294967279,67
4294967278,182
4294967279,183
4294967278,181
4294967279,182
4294967279,312
4294967278,180
4294967279,181
4294967278,63
4294967294,903
4294967294,918
4294967294,898
4294967279,180
4294967278,178
4294967279,179
273,4
4294967278,177
273,3
273,2
273,1
4294967278,313
4294967278,176
4294967279,177
4294967279,60
4294967278,175
4294967279,176
4294967278,173
272,4
4294967279,175
272,3
272,2
272,1
4294967278,172
4294967279,173
4294967278,171
4294967279,170
4294967278,58
4294967278,170
4294967278,308
4294967279,304
4294967279,302
4294967278,169
271,5
4294967278,53
4294967278,167
4294967278,165
4294967278,543
4294967279,168
271,4
4294967278,166
271,3
271,2
271,1
4294967279,167
4294967294,388
4294967279,166
4294967294,389
4294967279,165
4294967279,164
270,5
4294967279,47
270,4
4294967279,161
270,3
270,2
270,1
4294967279,299
4294967279,160
4294967279,46
4294967279,374
4294967279,45
4294967279,157
4294967279,363
4294967279,42
4294967279,298
4294967279,362
4294967279,41
4294967279,361
4294967279,359
4294967279,149
4294967279,357
4294967279,295
4294967279,344
4294967279,345
4294967279,142
4294967279,141
4294967279,290
4294967279,135
4294967279,133
4294967279,272
4294967279,268
4294967279,283
4294967279,287
4294967279,266
4294967279,265
4294967279,264
4294967294,396
4294967294,395
4294967294,413
4294967294,385
4294967294,949
4294967294,420
4294967294,178
4294967294,403
4294967294,414
4294967294,398
4294967294,406
4294967294,415
4294967294,183
4294967294,168
4294967294,111
4294967294,466
4294967279,261
4294967279,285
4294967279,257
4294967279,256
4294967279,254
4294967279,255
4294967279,392
4294967278,324
4294967278,256
4294967278,529
4294967278,528
4294967278,527
4294967278,526
4294967278,545
4294967278,546
4294967294,392
4294967294,115
4294967278,252
4294967278,249
4294967278,246
4294967278,244
4294967278,240
4294967278,242
